1.4010536253576487 -0.3140748407429781 
24974.71704103441
2
1.3872659538162844 -0.7569444348732841 
27666.368875726523
2
1.662117911858248 -0.06325294184960523 
15049.629073764565
2
1.056195330385507 -0.6240307135456605 
19513.471239802802
2
1.3514671229014692 -0.35338893544748323 
24284.32534159215
2
1.0739969706603638 -1.1291426133007187 
21620.55591457545
2
0.8940986293277536 -1.1673231054390112 
20343.116812251545
2
1.1285807059759212 -0.872133746236233 
28369.250248039592
2
1.6768602111423585 -0.15831884629305673 
27427.58438488628
2
1.3451789829214906 -0.9660496583483336 
21282.088189697857
2
1.4537771233949361 0.1214120853265021 
29250.77444664712
2
0.846737002101134 -1.4859723732080272 
52642.12870556394
2
1.9080877118011335 1.2741327068362656 
47034.78612434226
2
2.126986328212768 0.42356554632098276 
20935.510110536423
2
1.1581005685108352 -0.8673834701379332 
21156.8725720569
2
1.434663240084587 0.23964274400800256 
31668.833489740155
2
1.7716275147594982 0.16798600513465295 
43804.95696585472
2
0.6492173833855552 -1.9897267364378166 
26873.568874217824
2
0.9598121536754969 -1.3289535421069416 
52300.652232214925
2
2.104556502574807 0.8949341599757982 
148797.9735276346
2
2.700571885545817 2.754398091010624 
46895.274269848036
2
2.0067034241248622 0.8140447128938043 
20756.050546971976
2
1.3968004426277183 0.35292149009688767 
29843.464502543706
2
1.7257118241790783 0.07915270142508385 
71174.03986499451
2
2.327587513454294 1.3037409074318054 
36580.2801666409
2
1.8688226044920515 -0.4068538922065696 
17175.933078627535
2
1.1231472764607533 -0.6753765640304273 
32290.629171925233
2
1.7157925017476479 -0.5339653623027165 
34805.403344383456
2
0.9206772244036342 -1.6226194202285285 
18785.48718943661
2
1.2577234148239433 -0.5446838814828836 
44429.65868180654
2
0.37404802859278796 -2.0743803750726393 
26482.663415720228
2
1.1531276769134442 -1.148286942496616 
19384.21705154924
2
1.0892643292701876 -0.8671360482268584 
28057.44529035657
2
1.276247628802284 -1.084867051307304 
45661.32911389018
2
2.1292511645814263 0.1800621823639177 
19324.18038532881
2
0.9346799932891963 -1.0289758737102581 
37307.274319389675
2
1.9036951264680986 0.32660725252293216 
19309.381177163774
2
1.0762540005374872 -0.8789854629306628 
23806.00751899288
2
0.9243709946526264 -1.2353699915993597 
33349.79534616783
2
1.7366539094445468 -0.5648121222386739 
39308.94044429617
2
1.9464375892776997 0.3771932601153342 
15721.837362319162
2
1.0560341356068998 -0.6759997342195513 
27683.582674456033
2
1.0779936713951674 -1.26739414227681 
55453.95733956988
2
0.19399347548427942 -2.3468622169668416 
22899.901987191875
2
1.4899967573713535 -0.26438581985809906 
31552.406602196384
2
0.9238792875818146 -1.5171314123031523 
37207.79873706073
2
1.7923712445780735 0.7128710930566066 
36318.065381669076
2
1.2987965275540398 -1.394608948121471 
25729.101016433437
2
1.1216379921328514 -1.1466639944846655 
34118.15393116454
2
0.6584930108038763 -1.7257468956480553 
26248.358508585705
2
1.0598796138203004 -1.2253534408760198 
44839.738019342825
2
0.22041516134787548 -2.106036789465529 
29344.041398700625
2
0.8079257154774333 -1.510516526933863 
17949.88287450344
2
1.083284426682309 -0.7883420186428765 
25979.2250161522
2
1.3845243212093141 -0.8252362725881044 
32233.633607866446
2
1.6903176895087053 0.6051359097926649 
22500.599723795323
2
1.3421931083683736 -0.669759383829727 
19576.745679529697
2
1.3980163550791724 -0.056787664894015655 
36263.39618872248
2
1.8128682339114386 0.5829651664954516 
30324.53703500927
2
0.773043492672745 -1.5604029806230346 
15537.5906085273
2
1.1463776796711849 -0.48946631794684314 
20792.25510422011
2
0.7704492839981754 -1.2188656247547183 
37945.30099252733
2
1.9181602779111087 0.3393983610695725 
36951.374670776
2
1.922202900711355 -0.01653709691731875 
32571.140392685706
2
0.9913010154556161 -1.5081234485363706 
37002.27559484196
2
0.8049117263930963 -1.7470960683943746 
28590.914320055832
2
0.8379172842963039 -1.4686681233972128 
21150.213342082356
2
1.1164575949359605 -0.931956958726124 
24834.23729256505
2
1.5471640202452064 0.299511642036157 
22361.77943310806
2
1.4046264526674372 0.5130326225277468 
25066.159796542306
2
1.14559116600952 -1.0928114476043793 
23713.523081084444
2
1.4068061734857074 -0.626297611643974 
19821.71932558821
2
1.4016013665513107 -0.1329869987642361 
20951.682303151258
2
1.342278054863761 -0.5417175036366131 
27088.023481045806
2
1.5702235487292553 0.49315348028852546 
22619.074065712837
2
1.5039567990172285 0.004620958897845778 
30705.2990441828
2
1.0414466753248974 -1.4092262866101377 
61314.38842822358
2
2.3643545082929847 0.7357082315272789 
37822.72565486599
2
0.33837148433623265 -1.915144199290146 
26085.564083042045
2
1.1844273696434258 -1.0980383483029 
29562.690465202722
2
1.3168758134150464 -1.1054895470164934 
51229.38189185918
2
0.681223639244375 -2.158442156399047 
24855.160965099898
2
1.554408458146988 0.26330674459856335 
30477.010263949916
2
1.5772568630070711 -0.7483059631541664 
32192.861278084387
2
0.3780389314004988 -1.75395914837091 
51540.32724852709
2
0.6255472084487297 -2.1823664712542463 
24558.00974461352
2
0.6568079998222194 -1.4228155979714614 
68023.54616207696
2
0.6124161923809454 -2.535212224551886 
65841.99114961468
2
2.4279264715806437 0.8302843871586617 
19145.32964552283
2
1.36575157242804 -0.2219360425046347 
54381.670872381444
2
2.2253329179959453 0.6971803865010803 
21274.93714033196
2
1.4131845103535876 -0.36111390686303857 
30228.813515393565
2
1.6991529807464332 0.3684569168299979 
29534.614515145004
2
1.4675944979417088 -0.8942191236636153 
8777.30373503384
2
0.7861911116991231 -0.5095428435261169 
30400.27571678356
2
0.5961875755347779 -1.6384712223460989 
46304.35043301662
2
0.9732329497153943 -1.9191802075078659 
21375.876353427997
2
1.4033377908587463 0.41015933500347584 
25939.492089411433
2
0.8870882810825411 -1.3442557757016207 
29147.28247994924
2
0.589820495996842 -1.6021360836386414 
71556.25979755577
2
2.24561956306824 1.4535538372281858 
34739.53532019013
2
1.3343975032716984 -1.3012827653055548 
43125.21582315185
2
0.7183348140506278 -1.948465210681996 
26057.36235573855
2
1.0851944253115842 -1.1950269013066257 
17888.87895610252
2
1.3371131451572265 -0.03187997267880632 
28070.720098482176
2
1.6637641791485487 0.19738481712222328 
38616.82133050366
2
1.9554588772340038 0.19458343325446875 
29674.103786793243
2
1.7130087305013202 -0.18169058287533613 
24789.18601798946
2
1.5538864504343382 -0.2536838602582332 
26580.55274521687
2
1.6223690805036632 0.16116401939448566 
25342.30988766638
2
1.0231889682452244 -1.219555379647809 
34659.42042152808
2
0.07353861562286412 -1.8602510890105886 
27749.081746347496
2
1.6088246637716792 -0.4319622389453651 
31745.683713157316
2
1.7633677105384684 0.2551522854023689 
45800.758414703036
2
2.068419547865023 0.5492871885272382 
41801.65465660252
2
1.0873242102469594 -1.7314420369943309 
15685.650251691444
2
1.2006298802706168 -0.35644482850857684 
27849.72934328846
2
1.6617245664667883 0.1537673552143332 
21970.77891461973
2
1.0013944801371408 -1.092834382060172 
29553.2333745431
2
0.6757505117945646 -1.580722804056326 
48609.85848736495
2
1.996666995362947 0.9350437200285329 
20946.05206795207
2
1.2232784805148322 -0.7734306471200442 
82066.77557683366
2
0.13847080584674393 -2.861381378567268 
51741.75212475207
2
2.0470710162925854 0.9918041473648154 
50326.42812580165
2
0.45838703409943027 -2.1960246217995127 
29712.02543477726
2
1.0767134306544894 -1.346064906208451 
21821.84555597157
2
1.4434734237440363 -0.3139570520657666 
24231.016171659707
2
1.479687107008635 -0.48335047586444635 
36753.46879255369
2
0.8078825678943369 -1.7385835141711834 
28639.414227263784
2
1.2036916432596017 -1.1895662447604076 
19210.77330057638
2
1.3544949967016637 0.29397386613064413 
22868.86859907551
2
1.1949373443802176 -0.9268287883493392 
16097.074721853416
2
0.7566329290345112 -1.0184370785109889 
37409.86384985514
2
0.5804539017006375 -1.845009391029222 
26463.278821481395
2
1.514231353188599 -0.5945008756669447 
16218.744284386827
2
0.9989472611200481 -0.7899232861103901 
32191.318447761776
2
0.8824326418804169 -1.5621922024258492 
34478.376738845516
2
0.7760560785747914 -1.6868831129606072 
74546.6401138012
2
2.503728032462425 1.089040839841167 
19075.650900859684
2
1.135073178094442 -0.7868760832917412 
58411.543788315474
2
2.322873868272257 0.6673914675281885 
30293.72608226887
2
0.7334011107555266 -1.57844715431637 
16789.125758636386
2
1.2957165224112177 0.005591906134675861 
31576.380833527164
2
1.771627979370076 0.13774028483278936 
20269.590673654275
2
1.0551350993490742 -0.9558498781121683 
56322.00332152444
2
0.20213988929543827 -2.3646014034733365 
27162.151969207873
2
1.5701130264265442 0.5009593607933339 
46110.42844159874
2
0.5726907737703643 -2.069557470039954 
37635.65244949956
2
0.7756049495104375 -1.77820195907126 
24689.332756961318
2
1.1291554184055073 -1.0926762177249103 
26746.430042544816
2
1.114242588324755 -1.1971242452719064 
22760.538989855784
2
1.4440936414875278 -0.43663194294608065 
21110.356440763528
2
1.3939152378983948 -0.4099218872309872 
25840.585798448195
2
1.5227212830718806 -0.5151489822611952 
59902.18603583584
2
2.3030733721014167 0.8282944200590714 
47316.75150505074
2
2.1187304500842887 0.49260169548094446 
63339.097915763006
2
2.333383342993618 0.9429909682580355 
29231.396741176704
2
0.6002314435213105 -1.6008940902901712 
47591.480011694024
2
0.34704022717844646 -2.1537667194683214 
37179.265327063375
2
0.9072913750218846 -1.7013961600747884 
15951.74898786788
2
1.1800334615130335 -0.45021764569634126 
35438.8165615499
2
0.6137920853974853 -1.7796462940872257 
29678.290217916536
2
1.5099705399884014 0.8293479307014573 
36073.05460601553
2
1.8077181320974105 0.5826324874977384 
37813.44353481279
2
1.9273598952938826 0.2581243643944379 
22225.494399337353
2
1.252713370146004 -0.8082441785693083 
19446.159259471428
2
1.0266382814526334 -0.9437318289657959 
35976.2767401827
2
0.7304988240186462 -1.7504282739163135 
25308.86160867193
2
1.0607202133988207 -1.1856469920487942 
29015.337243302412
2
1.7033841374103718 -0.004025512261111308 
23883.009002863993
2
1.5329091744718824 -0.1961896100876186 
19571.752500299128
2
0.7137009220236203 -1.2032482054557767 
15409.121372934773
2
1.2299210279398511 -0.16794761780048373 
21176.14091309836
2
1.4369881061725975 -0.2295196593504077 
31052.458404144672
2
1.7116242763748752 -0.41903242945940605 
37437.50818215716
2
1.8858471414333389 0.432817949446901 
23163.762364171445
2
1.517224621589524 -0.120023681245287 
36913.50583805292
2
1.0816351449190098 -1.5878967211633523 
27846.06289393475
2
0.7889646337515156 -1.470422080928742 
21820.717504230037
2
1.37815658412197 -0.5317482299587535 
26236.67848899307
2
1.6135649166029955 0.14169018599492067 
21066.9112545222
2
0.7931491047562245 -1.2155680248659966 
21052.043239147755
2
1.450633750131462 0.02942867469505339 
20040.618197953416
2
1.4043294809621154 -0.17866317106784224 
31151.46602040814
2
1.5233047884197195 -0.8914533771422755 
28291.094157476007
2
1.241743277836954 -1.1345408973211755 
14343.020497149184
2
1.0119917116850268 -0.6404489247361792 
34229.830167950415
2
0.1771647365294433 -1.841628538257782 
25240.05501395718
2
1.5762375887153433 0.19869716987556152 
29068.089529981942
2
1.7049074267533477 0.009980941812870528 
56337.55487716066
2
0.1683725654825878 -2.367573898933015 
20285.020034054956
2
1.424000734968356 -0.026905579627237386 
26211.31439501018
2
1.515169958095081 -0.5704309227129684 
23651.472749596505
2
1.2401838079371723 -0.9094456539508589 
25484.435593924216
2
1.5210155717130702 -0.4847217655509015 
18582.830767857813
2
1.026747597154195 -0.8967008690326266 
18340.554078962115
2
1.2742090256988219 -0.45874477296626553 
30587.37490990402
2
1.4260304210635146 -1.0125091254857002 
21502.32862009096
2
1.2105313479380626 -0.8275546614383567 
26069.076155754192
2
1.1175574429964104 -1.165320976031387 
29037.73045610104
2
0.6619860315826945 -1.5702062092602675 
31926.78607469773
2
0.8714769117855916 -1.559873905062336 
30941.296564876473
2
0.5375391965465244 -1.674867537647012 
50566.667598028536
2
0.6153862038205193 -2.1628607398420785 
48357.32770543327
2
2.0527070145448163 0.7887500763751686 
30183.79388037659
2
1.689345481680345 -0.40557518608004417 
22261.910266690968
2
1.1748419016906497 -0.9197486247344947 
30034.678292470446
2
0.9266797854008124 -1.464490493167009 
32670.652245150963
2
0.7432944504788743 -1.6475978224076422 
13762.548944579052
2
1.1034106730249553 -0.39842161225581163 
23280.852029056503
2
1.3689019217220684 -0.6739382253673392 
26686.553033745622
2
0.8450461512323214 -1.3980530410760539 
17747.379538102145
2
1.3133450422541963 0.2232996950211481 
24023.425900369737
2
0.8428785082155857 -1.30072995292076 
27908.68779034365
2
1.3577701197844252 -0.9733083174693171 
77371.75627818947
2
0.15182656934194622 -2.7774312449925382 
23070.998907609464
2
1.4963569974028295 -0.2607980580536118 
62038.30839460404
2
2.411593790581978 0.6229335668326527 
27619.11858700239
2
1.164207628812839 -1.185973210369537 
24416.770201458778
2
0.991292856001211 -1.2078971370886016 
28507.66808354975
2
1.5274731969382487 -0.7194389765575824 
16793.91104619214
2
1.2452088007546407 -0.3589514551334256 
36810.274839940445
2
0.42664518501756343 -1.8705617792779188 
34278.13428942022
2
0.25449707061246296 -1.8338605917549178 
27221.394579532105
2
1.5368154632240771 -0.6002813423292246 
28422.524025170856
2
0.9036406794728862 -1.4232659361197633 
19979.054816623837
2
0.8172736116076816 -1.1532429602785876 
39061.72088463185
2
1.4057381747101352 -1.3892704101886726 
19949.27279569606
2
1.0710119079827303 -0.9207935558684137 
25216.329637052506
2
1.5422081046089604 -0.37845359792673156 
31263.063554746517
2
0.877583209035901 -1.5349768945143447 
54066.90804449363
2
2.0901892523814727 1.018724542591541 
24059.731894114182
2
1.5387606815779238 -0.19541943158565736 
11793.45672092834
2
0.7142906134893824 -0.8180064740414931 
21155.47019202295
2
1.434502721562328 -0.2403101351016408 
33420.529176009455
2
1.7509313749753974 0.5256350803815417 
28140.2010538262
2
1.5013242716825763 -0.7483619021832965 
66296.1140215983
2
2.2410901970087624 1.2677247852081526 
34001.986535375916
2
1.0754104319550954 -1.4978955425461904 
20142.51707682519
2
1.3305027041537967 -0.4939779974067201 
17401.66033297937
2
1.2958688374256888 -0.24675897042849415 
15682.515037413308
2
1.192741988189584 -0.38159933615100694 
24136.401302656406
2
0.8008369479631664 -1.3312776994461681 
36564.71374692865
2
1.8028101267343124 0.6374535446893976 
16202.541977618646
2
0.7974359041908005 -0.9921442316867368 
53363.824423599865
2
2.1939574960731743 0.7231410289731283 
28373.379787079124
2
1.6451020866539035 -0.361907589302691 
59885.63906026926
2
2.173239885903785 1.1249854685034064 
27388.27469543591
2
1.0209670963509938 -1.3024798108654936 
14171.000294862273
2
1.1880941008852723 -0.07438035310378532 
14509.084932419362
2
1.0917417143814958 -0.5089287988719922 
12126.500727571069
2
0.7816554044602049 -0.7756706140078148 
42015.38340284452
2
1.924766970293478 0.7048478207043829 
33132.37071578284
2
1.8202299017804893 4.198124273849524E-4 
22274.423741324106
2
1.4865740384497597 -0.13243867388185127 
17682.685034100265
2
1.3253730362668013 0.10795748305211339 
42177.84978553873
2
0.6569877573619802 -1.9458037067572744 
32561.950851618567
2
0.9672542908400573 -1.5233562360831279 
36078.290556566695
2
1.8279551138926489 0.5161483868524468 
29473.211282925193
2
1.480978739216513 -0.8683450364234176 
36255.54213319694
2
0.6024490089222625 -1.806269471858581 
64824.94006599198
2
0.10857734558746757 -2.5437580401100215 
19199.26235332636
2
1.3442733448476778 0.33593959228508985 
24535.2603644008
2
1.1725881114275163 -1.0385389532313802 
25168.89212575915
2
0.965225082243383 -1.2590590745410517 
28215.61653928587
2
0.41024480127816654 -1.628883315941576 
34198.80298380117
2
0.9633556174692023 -1.5785519480430945 
16075.852111179767
2
1.2677795252743984 -0.01789654751615055 
14979.271693462522
2
1.2209648705486333 -0.08468739122449875 
27596.416656087487
2
1.6418141800206076 0.2531558095166076 
20862.709247027713
2
1.2251483315293858 -0.7650375745370508 
21445.535028578564
2
1.4492244911845862 -0.2104801107198347 
38503.3128264995
2
1.935444338635441 0.32308898881573 
30040.86576768306
2
0.9509624932310243 -1.449053799289778 
20753.944464153978
2
1.2906846544851742 -0.6399434108512125 
33743.35823538393
2
0.7347382500122431 -1.683596010777924 
14930.6344132406
2
0.9120557119441367 -0.8131530112064604 
32556.905292885393
2
1.7125804389038342 -0.5681186228002828 
23547.208970874868
2
1.4344606903806059 -0.5450169032610663 
18537.331883806844
2
1.114724753819008 -0.7817428679584077 
27638.440751297057
2
1.6618328887949645 0.04642763023339801 
28632.327007663986
2
1.6527617558251395 -0.36278268873831393 
24997.564591094553
2
0.658402337574553 -1.4374501107815254 
26041.525000964815
2
1.1331502040848351 -1.1489661070192532 
43964.8151762166
2
0.9492726841481793 -1.869588962513357 
21413.70460917757
2
0.7619910682863542 -1.249295830766107 
16946.430046660913
2
0.8873748715276006 -0.9524751136105686 
45932.1649944791
2
0.7070823083936468 -2.0231784668201227 
20810.098966277787
2
1.409105211141242 -0.30892135012390154 
64842.59030156661
2
2.115087531672072 1.417978759898047 
25697.524167077103
2
0.7136775248876258 -1.4354152037574295 
16596.393419876895
2
1.0860532323988445 -0.6929124897010521 
35429.84949563567
2
1.8580236041825062 0.30121958081143485 
34242.72021265074
2
0.5006313081241176 -1.7814713903374955 
32796.109550915164
2
0.8208549794084086 -1.6142515472725858 
28231.936427028537
2
1.6773092699247083 -0.0991325159949823 
34327.62703734658
2
1.8459740801074582 0.15856354973978504 
23875.937362966386
2
0.9407721887820382 -1.2257819647518442 
29386.1706536121
2
0.6856353993774231 -1.5711528138541364 
27192.845270458696
2
0.9282847416694746 -1.362927718343679 
38681.563010565565
2
0.25211089583750107 -1.9505374636895771 
44244.05714241825
2
2.0240905997545244 0.5722437926506454 
24119.938990099246
2
1.214769892210968 -0.9676404332125017 
14813.853763354693
2
1.1176966041945666 -0.48180875594721567 
25799.960402638975
2
1.5042263605555135 -0.5632930822172518 
40998.13579962242
2
1.9417676305825542 0.5738920184007223 
17756.702531949268
2
1.1991137810022772 -0.5812025407767499 
33626.784615140954
2
0.5189987478928615 -1.7587833184334383 
24549.906564626897
2
0.6338086866982795 -1.4329260989766681 
44511.784712315624
2
0.49373846829052315 -2.051194967856954 
42283.15902893124
2
2.0225226345105427 0.3711038881306125 
35645.54899310884
2
1.471636990172939 -1.1827254408634396 
11071.82519746702
2
1.050078107412248 -0.06721970009017675 
61912.091562946385
2
0.06204392843215617 -2.4874403927007664 
25906.735339656396
2
1.1197132415029287 -1.1562507473591719 
31563.26181905712
2
1.0321747979980083 -1.4460087718556491 
22776.522956575183
2
1.1749451427736994 -0.9471833017584343 
29698.713769020942
2
1.6602906762560576 0.46185089286402525 
51970.61086479316
2
0.5172371106096689 -2.2202537823157686 
27931.241958485003
2
1.5520224221721377 -0.619960157529039 
86048.89002021914
2
0.11856591981319659 -2.9310119625618665 
20206.0727680384
2
0.6795139852828981 -1.2485463630193288 
16412.152517997423
2
1.1553009820943871 -0.5536198086877734 
16281.54388776944
2
0.942781208063684 -0.8598360207033223 
16976.237829441165
2
1.2731154804419993 -0.2771294939248685 
18583.0683350742
2
0.9953109639597192 -0.9314842556527698 
30322.98987347576
2
1.6514595104006382 0.5522503715298523 
18595.678329317572
2
1.309666884975908 -0.379921680520155 
20621.660820436755
2
1.3963270385038775 -0.3353160950307434 
17432.776681800064
2
1.3080880911507389 -0.179396805906968 
31485.651991975043
2
1.7156964651830398 0.45271496391871807 
26130.8358562329
2
1.6137391575829285 -0.09449612112055522 
47171.73525270874
2
0.01941763809629979 -2.1718187034376593 
23008.50929778051
2
1.0903937408834115 -1.0544630954283467 
26985.58110888252
2
1.022992185591766 -1.2853190650987925 
24633.382524835044
2
1.4739101805881916 -0.5393765215895003 
48595.55962445133
2
2.0950671437514496 0.6857474940663482 
39625.70800917988
2
0.4726892296771876 -1.9336844864313245 
16664.74586105396
2
1.1243349676459466 -0.6343070759766001 
20539.60647504458
2
1.386886026880718 -0.3612586275059385 
35516.119461547285
2
0.527628602903029 -1.8092042459471862 
26582.407014898665
2
1.0779783860484007 -1.223193893339217 
26671.466702964255
2
1.6185537537234604 -0.21778525341290095 
17660.86749432314
2
1.0779215787639134 -0.7772849023797044 
20162.266816887506
2
0.953707186859129 -1.051983499595881 
19669.599190987137
2
1.3991316724731933 0.09690450031385833 
27101.863447854936
2
1.4500669867660851 -0.7794177818581122 
34158.611071067804
2
1.7788987803199372 0.501378336671041 
27494.245822033
2
1.6279344669258329 -0.315045954740263 
17383.777982203475
2
1.212837225295332 -0.5171108809126602 
23624.60399971808
2
0.7486755839831897 -1.3423655500344303 
34066.606618882506
2
1.8328060384385776 -0.21790522561732567 
44010.33283361046
2
0.4536505334183111 -2.0482271546120874 
35600.029909029676
2
1.8761176002258177 0.20046381475440178 
12463.986152199055
2
1.0624577362746572 -0.34290257195016266 
27506.725627109623
2
1.5898641210167348 -0.4722336703525575 
23060.99906233859
2
0.9481976801147448 -1.1861791878375185 
42143.957955456426
2
2.0286186358734475 0.3148050598903958 
33236.38785754616
2
1.750775762413527 0.5083532388998322 
30956.451754555572
2
0.9603205503727124 -1.4742556141956549 
26751.186497404364
2
1.4612903112578481 -0.7346763069300501 
38846.04248050396
2
1.9608364172402892 -0.19931079467671153 
22849.750208375444
2
1.0602038017536384 -1.077470611935507 
30400.40877724775
2
1.725590422490438 -0.24975702499438784 
57591.523901547094
2
0.27003312009336283 -2.3845826687719076 
14763.736940423258
2
1.1469452426123952 -0.4011113367771093 
29670.862047979906
2
1.7211617155502534 0.06847301455390337 
27672.51869632115
2
1.635220711689556 -0.30545882487434556 
27726.999462178635
2
1.664571712727807 0.04359999316833643 
26221.43341044274
2
1.318570132632888 -0.9399553959485324 
17856.00000310087
2
1.3362318697652216 0.009186432050955262 
16510.42677293551
2
1.2294354361248594 -0.37353873386039593 
17235.083042349383
2
1.1443819786054457 -0.6433491985524065 
14734.830319802559
2
1.1370673762719647 -0.42492448011175593 
19690.33968582582
2
1.2436450154484189 -0.6499084890450995 
32613.01823131428
2
1.801531516591813 0.1256424206143364 
24385.60486891003
2
1.4137776964496673 -0.6631689919714847 
41656.99496314249
2
0.6241643071472247 -1.9432237169193036 
14853.238714397829
2
1.070715915681038 -0.5821437102186189 
14821.139300626874
2
1.0250421330685102 -0.6568124203279394 
18683.744271569747
2
1.3624019200565987 0.11061390230467338 
30344.224499696757
2
0.967434778625123 -1.4486174094895572 
20587.513541062726
2
1.1794112966958648 -0.8171538088588045 
31176.18843807738
2
1.7147210177062207 0.4211302354904969 
28720.3246348584
2
1.6909790988257352 -0.11234834587275788 
22765.144267045478
2
1.5031012459932889 -0.13115285356396117 
22821.38735659013
2
1.276168818939021 -0.8084131871925377 
24564.17403137438
2
1.2014160400744534 -1.0064874076655195 
18871.815385312504
2
1.3697450846397898 -0.10478521668816132 
57303.739413036266
2
2.2205226355871357 0.8942332839638587 
46629.38781412549
2
2.1463026220075667 0.23732643379108256 
20305.982614712822
2
1.4087511472430394 -0.21451915208834604 
57954.44441302165
2
0.7070711149182638 -2.301194229036395 
16507.578511833868
2
1.0917444523788897 -0.6773860803731541 
22126.924168707286
2
1.343065254177428 -0.6394279786590898 
21296.48675170468
2
1.459330907343317 -0.0014064291661435302 
27537.72928855795
2
0.8109441103225307 -1.4478061261056312 
24416.13044070218
2
1.5582988173437415 0.11540294595596334 
27745.351780486424
2
1.6613137637895512 0.12071352986321815 
29669.93462989747
2
0.4400791903242787 -1.6653299280422706 
27252.427766319972
2
0.5522967811077288 -1.5557027486669934 
37208.57358427104
2
1.864685520084032 0.49376641199665167 
74860.19159252166
2
0.4892409594903597 -2.6919625634115194 
29682.754683792453
2
1.652521339370104 -0.4872870727873695 
25674.431327222628
2
0.6980751175028641 -1.442267056770564 
11573.972425084718
2
0.8477078968017315 -0.6624111745800011 
24162.771566398616
2
0.7780703497977338 -1.3456907844692605 
31166.73751335651
2
1.756502753009152 0.17712094739731282 
20859.08834239054
2
0.639577478270321 -1.2949322312493543 
30223.864757884487
2
0.9967786139027498 -1.4243661294254935 
45205.730375874075
2
2.0707917041931214 0.4820733921638441 
15079.615308886057
2
0.9318188020818682 -0.799797006105498 
65967.15147135044
2
2.1325632790701317 1.431394078476187 
28395.331079849202
2
1.0593405236054263 -1.3104696726869727 
46224.08908927289
2
0.18447992746672945 -2.1420495011295047 
109129.04743085138
2
2.7202225781608154 1.8743782618109035 
37391.62817243107
2
1.3684773650229325 -1.3661744100454374 
16386.27481663529
2
1.09835965260848 -0.6574447164479371 
24625.455764543094
2
1.537680801758058 0.31318257990987486 
14406.385841546751
2
0.8953975626091835 -0.7993133234396936 
38697.84285470351
2
0.41326894397296254 -1.9232766481756656 
19606.893480990082
2
0.814396619755319 -1.1390555271057328 
37242.43611465862
2
1.8454130649854983 0.5645300975560923 
19284.11350907175
2
0.8717606834562117 -1.080946188155143 
27805.2597148611
2
1.6342492823436288 0.3312933060679678 
17877.93627090037
2
1.25625818272668 -0.4578307606772355 
28479.83100666051
2
0.7329208841685205 -1.5201348881647592 
19310.22626914417
2
0.7840059358173924 -1.1473261609139362 
24877.836815307226
2
0.43209554939755174 -1.5169301624404303 
26489.785380988018
2
0.7759376878422407 -1.430698865130199 
44397.385721888226
2
2.001364917625014 0.6589969944458354 
23345.800742426873
2
0.8124987000383272 -1.2939961115392564 
20375.070172695407
2
1.268607360123905 -0.6543258997693718 
15663.944108911544
2
1.2420003718412915 -0.15436802530721117 
26793.930480624596
2
1.6007981146601304 0.34181638954712434 
18007.541840887963
2
1.2742338151856387 -0.4208115591642507 
33580.33502739462
2
1.7039361130742436 0.6742664349505327 
36905.60912221014
2
0.9775277557180484 -1.6537836614931982 
23920.57440835241
2
1.3864086356322787 -0.6855133374920468 
23542.570783033407
2
0.7455209004295907 -1.341065123447028 
27343.115341441273
2
1.1732904202036125 -1.1652043271471992 
26496.823144305366
2
0.7443326641858863 -1.447636418254417 
20706.1067964771
2
1.076256892761851 -0.955134430554315 
36403.35600776827
2
1.9063412459057092 0.07873153710868336 
56110.55142378715
2
2.1786144877753957 0.9298892708456553 
18781.154612742903
2
1.3276769809822093 -0.3396899990347912 
17564.32209335892
2
1.3203242552696084 -0.11478706496224012 
15165.597502358112
2
1.1497331357656517 -0.44121816231688915 
67395.80356714065
2
2.085793714808607 1.5456535627296872 
64092.65259199987
2
2.172157739525348 1.3003830258120557 
25102.777197398875
2
1.5184980191584225 0.4521520602096539 
21637.88007551707
2
1.4275117647102142 -0.3549622080808555 
39922.163943633066
2
1.9791948543427693 0.2738688060119485 
41202.48244055894
2
1.9393447354688094 0.599324820998854 
49799.03749137776
2
0.8710251558409107 -2.054560519193848 
37944.4671379461
2
1.816076533178576 0.7044946695559127 
19472.359125977222
2
1.2790103757826232 -0.5580039168662844 
26473.86997821007
2
0.957511322678892 -1.315507151163659 
21718.38017723828
2
1.271688139989949 -0.7447464617792636 
19663.61831900304
2
1.357296397888374 -0.3522901079785642 
23706.928767602272
2
1.1541282444211072 -1.019156941883673 
18316.96929821616
2
1.3050611672024406 -0.3584860941261455 
23577.56181147257
2
0.6307271146416144 -1.3999783884057355 
17558.107789387082
2
1.3093338974223923 0.20360629656127227 
76108.95357619369
2
2.474073455030104 1.2205965331487607 
21878.114952970023
2
0.9917536315763583 -1.0973769769555526 
28900.778296685843
2
0.9518076123623476 -1.408595079757725 
23504.345894931997
2
1.2128390217618001 -0.9377932057682437 
21268.324804195207
2
0.6094864710029904 -1.324899513957131 
55116.346299378536
2
2.1572098214993396 0.9263263010217522 
16387.727793357073
2
0.8779350979010911 -0.931666648114608 
41841.88496870462
2
0.8714824041793084 -1.850596367681595 
43699.007087413534
2
0.8198388992671293 -1.9229573286970814 
32600.555908330665
2
1.7991358881147488 -0.15220265086594414 
49352.961927119395
2
1.921165802208722 1.1155349179365288 
21154.39262344244
2
1.4183640214167363 -0.3219980824396132 
42805.09615997407
2
1.7408365996838442 -1.1180328927176508 
21709.33200293799
2
1.0774164970016273 -1.005040741603315 
25949.41034314444
2
1.3987505658879662 -0.7990230839860251 
28856.88619302632
2
1.2735067586684643 -1.1242193535642293 
18622.938518351333
2
1.3271679724664733 0.3176775483007314 
23412.211153858527
2
1.5290729905741927 -0.056186340709710514 
27878.728450051836
2
1.6623969893450365 -0.1559137416065119 
26895.12930013283
2
1.6382970479642294 -0.07413307389400875 
25894.46390323335
2
0.9847820838588301 -1.2726549562367622 
33999.540494130364
2
0.786989804159764 -1.667513447490488 
31775.927762333533
2
0.9589410584115465 -1.5026725600495592 
19191.89793069105
2
1.096993068825581 -0.8460472800132031 
49351.523229468075
2
2.052260104925785 0.8505179508257384 
25315.459033692183
2
0.7056722945454879 -1.4260338411412699 
28757.27467831504
2
1.5836616945066597 -0.6064182592763835 
20637.191718537102
2
1.4110662291696516 -0.26946478202290236 
44113.0543509533
2
0.8511778625627935 -1.9201046016762642 
28281.421394290057
2
1.6813755655433409 0.03344169587231918 
34306.332608714394
2
1.8389136217260293 -0.22142708213291784 
29201.10152440411
2
0.8641295478911124 -1.4742422721187696 
15323.33658437444
2
1.1676128398587484 -0.4111130192957073 
29112.62359714281
2
1.6751700585515754 -0.32414138064522446 
51689.48981858682
2
2.1838877126660714 0.6321261269120564 
38343.78214501981
2
1.8844281952660038 0.5322674059046766 
28310.369253870962
2
1.4554214046751786 -0.844266225902959 
16267.267821758487
2
0.9028378059854499 -0.9008943768606993 
23880.94079905918
2
0.9472311953648265 -1.2210025153265 
24880.489072519646
2
1.4912049180331373 -0.5141563961342401 
35977.90501096583
2
0.5425174026203698 -1.817543773599588 
25036.481832103244
2
0.7351764091180598 -1.4011294839116761 
29324.184570020305
2
1.6939672585448171 0.25078553383356794 
26165.532812205995
2
0.8613665244145565 -1.3691606888304186 
38352.76704608034
2
1.8462950092392478 0.6530478110110158 
16004.978974959486
2
1.2041447092981135 -0.3879863613135267 
24517.29946393108
2
1.5278725688169157 0.3425424934951964 
27930.576162220088
2
0.5525450930494513 -1.5772607699327916 
30996.5407438414
2
1.760400730881552 0.02536416952785131 
45863.35773232048
2
1.8524451688788959 1.0746081469676694 
59070.924538369
2
2.3121973898091674 0.7488896343230904 
17789.323893048422
2
0.8609495115221002 -1.0186747900653572 
19095.331682317315
2
1.1811759162337516 -0.7171866027339668 
15734.449965141288
2
1.214514689904516 -0.3136862517233838 
21824.055946258166
2
1.2760792690034939 -0.7443300973662996 
35524.61945359566
2
1.8843173848432382 -0.042543372422805925 
27431.082647973682
2
1.570325980982217 -0.5264832174434488 
15328.156942164278
2
1.1440443089256278 -0.4732634714736711 
84390.01704376252
2
2.394490052507131 1.6448158233737442 
39043.898456594776
2
1.8792797380344548 0.610489567374111 
15106.401440390677
2
1.136493176635547 -0.4679993627131459 
18854.68495903648
2
1.3401024343069206 -0.29932250411272776 
28978.23349712106
2
1.654477302127326 0.40065971404371403 
15625.728331489143
2
1.1562988729603163 -0.47491657113604346 
17209.452781156346
2
1.0761089684143406 -0.7502897881577879 
26000.389764866144
2
1.519450897517631 -0.5397295123665924 
23698.904991787873
2
1.538016227348887 0.06630673864912479 
46150.720690817005
2
1.8948555469829962 1.0122225670026683 
29948.03595128761
2
1.680651871934181 0.4125686373112897 
42502.8066361661
2
0.4155068058515234 -2.01931541813251 
64817.696260543584
2
2.291200958102071 1.1100305381594286 
31863.0595752494
2
0.9950097283767684 -1.4819789465307966 
26019.829152742448
2
1.6088478426847523 -0.11658273612702284 
38855.110440883145
2
0.9744430140974355 -1.713467786789416 
28384.712556263054
2
0.9753920640979679 -1.3737108782131018 
18019.31419323421
2
1.3096478613757778 -0.29454014754744773 
31981.402700250455
2
0.45604462732158857 -1.7292089428163848 
57868.2868043808
2
2.207542944288426 0.9558152695790479 
23162.474610506026
2
1.1379572868171879 -1.010594218482506 
27783.468124966028
2
0.4879991569295998 -1.5938016298563014 
28923.094765366044
2
1.0029435696144946 -1.3734677545197556 
26788.6034933116
2
1.3292938208414167 -0.9549022396057028 
45365.239354274396
2
0.6677472325925482 -2.0225324642122393 
32573.206471078993
2
1.7001879317082647 -0.6055424378038855 
20236.49453700974
2
0.9945182696084376 -1.0171444661974096 
19447.447145751517
2
0.8177818275457879 -1.129591783393905 
28434.92676278503
2
1.6694347903479165 0.23765554286511148 
21622.38294003964
2
1.3988990265840306 -0.4531222874966709 
23882.418184759194
2
1.034927400880792 -1.147679002762553 
34637.221740161396
2
0.7097627517173682 -1.720453140974996 
44279.25797285541
2
1.7406276305825226 1.1824302300508962 
23722.638102402398
2
1.0663011802734028 -1.111425032644032 
27436.9976644505
2
1.1100602089684313 -1.2294169752000388 
10457.142672859387
2
0.7020613868468069 -0.7435214027751164 
24769.875785507105
2
1.550725097669477 -0.26877360363082725 
38540.70936519676
2
1.7927624067973897 0.8000461794757264 
16436.243641937894
2
1.1134964429873062 -0.6354132794082966 
20052.495351499027
2
0.8040673515054841 -1.1656436974448319 
31099.4270203037
2
1.6731989665827256 -0.5570887902811088 
13250.071663429557
2
0.7667743774255257 -0.8585244437211169 
22768.095186430157
2
1.4586462333970458 -0.38621326289969155 
24476.038689102246
2
1.5172261824983406 -0.38161312877276243 
12333.916864687166
2
0.8246034393641836 -0.7439226130838312 
24184.615654770132
2
1.326930400753425 -0.8109977047028976 
49464.52299736115
2
2.137850654506975 0.6132266128929931 
23281.973821488533
2
1.50714750356931 0.23812556484688874 
25781.981225096846
2
1.5962134894609066 0.17407072864994025 
18734.31525566632
2
0.8400096954146414 -1.0806550037713392 
44482.31839219421
2
2.0210923170800537 0.6028413431902307 
24605.349133702483
2
0.9873126181172522 -1.2189129203830376 
25038.62603691212
2
0.8790440318375837 -1.3157295291137676 
15760.963417667765
2
0.9870289694529157 -0.7758029100406184 
23558.866296057196
2
1.5314881750615463 0.10213030525937923 
19255.558671699087
2
1.32777708911372 -0.4031920991222486 
47217.173637637316
2
0.8658050233376321 -1.99301255021815 
19894.998294047098
2
1.2420785574300388 -0.66838662956198 
14050.162338285829
2
1.1641259957984396 -0.22321939820471326 
17583.5251388709
2
1.1392312915149907 -0.6786048764341266 
33676.06117884427
2
1.5270751051839495 -1.0176677950155724 
27494.116130048067
2
1.431574123025678 -0.8366642954543165 
16685.315507683106
2
0.9893903200574911 -0.8304446672384898 
19984.682218729977
2
1.1469728961869559 -0.8263905839767924 
65910.08239072363
2
-8.343971140396533E-4 -2.56729576458456 
26692.648226555786
2
1.0807970797355806 -1.2252112042789276 
10430.939063739828
2
0.6729767470956003 -0.7682422822538519 
39668.70779017425
2
1.8915339449253181 0.6236746862048261 
19811.741060663422
2
1.213025500074128 -0.7139630538313968 
33184.218508300706
2
0.605724562045628 -1.7179987211184713 
26005.17681882223
2
0.8081455343006916 -1.395499364841157 
41404.91033594482
2
0.45298520909631296 -1.983757907088073 
19592.42687477971
2
1.3091971375647458 -0.4952227200666857 
44481.220349323456
2
0.2524598890889626 -2.09389255677877 
52661.79005558748
2
0.2178771238249277 -2.2844492912893744 
17211.999299365816
2
1.2518332121708207 -0.39257297263396324 
18200.685101983796
2
1.2240666535853164 -0.5672118984813566 
42479.375844489856
2
2.040606266485056 0.2895922126558407 
27850.46384561953
2
1.4718393872867286 -0.7865972302222911 
20459.46207428367
2
1.295790197019156 -0.6057012239854103 
19514.02238143715
2
0.9234156894771101 -1.0481916344692073 
27041.704523936616
2
0.8074304738614096 -1.4325594166643145 
22212.315503144266
2
0.9159071114762796 -1.1757319904900116 
18262.172243304416
2
0.9640852926312332 -0.9469724245523683 
31327.90854306363
2
0.5433379706731543 -1.6845102267220409 
40794.43336477869
2
0.8736707576821893 -1.8210279359880501 
32906.39574167742
2
1.6497699479049022 0.754253732610982 
31535.307724710314
2
1.3786417027328326 -1.1193202526341366 
41506.15681500369
2
1.1356267108221831 -1.6914395215814129 
19806.59651965107
2
1.4073261022603616 0.009638146178849671 
22849.655731909334
2
1.3410144870289664 -0.6975999704482299 
11129.63150974516
2
0.7906696678237437 -0.6984301163022733 
29102.749245429935
2
1.1521761945963815 -1.2580798627862997 
36204.19281482982
2
1.9023879271247257 -0.03659858211831832 
28650.850212185098
2
1.3033775551354578 -1.0799499849472785 
25078.68350653683
2
1.5760712598040818 -0.15449185956955064 
28943.025650907653
2
1.692983692563578 0.1676567380231334 
18632.94282563067
2
1.003715142425746 -0.9251217192501382 
23267.092617849237
2
1.3140142051516837 -0.7746456805821053 
54364.66033152332
2
0.46798197727542085 -2.2841757598962737 
18672.270181989486
2
0.6420147514167719 -1.2062520786146689 
66688.05977965776
2
2.4610781648196998 0.7822405286185801 
18001.315199026492
2
1.1928850561665107 -0.6141309002788164 
19008.253447477233
2
1.3610802888758609 0.21974028301912873 
22188.880696311488
2
1.4807135015053041 -0.162405652891304 
36248.27791610108
2
1.80930980404591 0.592643083646016 
27027.59278944121
2
1.6342977706701525 -0.17840985322198633 
17540.54984188236
2
1.2543428775052572 -0.42506344213548547 
31577.76294372359
2
1.7761016682157353 0.05691360587452621 
21273.176707584782
2
1.3521812915834655 -0.5467389006190697 
31740.39419655563
2
1.7265181461156336 0.43951622357883247 
45422.74735294929
2
0.872964245823726 -1.944275741968804 
29574.32066621934
2
1.7186956107872524 0.059308212606412725 
42124.888776552776
2
1.909958375254524 0.7513640146096808 
19181.187068595707
2
1.1030748473667602 -0.8374631860364786 
19346.95881237325
2
1.3868955485606966 -0.10590853893737527 
22790.063405768797
2
1.4209848903641742 -0.5097139216595871 
31203.021461031938
2
1.0726493013617433 -1.4034691383822295 
17027.296916481613
2
0.9695325750544889 -0.8733477414846695 
21737.464224629264
2
1.0059471905843234 -1.0778760003907841 
29204.920317222295
2
1.6717444438075943 0.35463015427437394 
18865.037548319568
2
0.689183592189071 -1.1880781670788017 
30725.189620453595
2
1.7498146474644791 -0.10328437231314551 
28425.84502262129
2
1.6828918247470748 0.10227222722513912 
37297.42106084236
2
1.9255253643622066 0.1486411022632286 
19547.31030186462
2
1.3901180752959823 -0.14934110928292965 
22020.94298272024
2
1.1775587275570176 -0.9030225586475243 
18015.71559442976
2
1.085712283109907 -0.7891770382792753 
27340.95080412581
2
1.649493854554362 -0.11517423409762015 
22742.97339227568
2
1.048705235435504 -1.0837502795375564 
20028.963837903128
2
1.4149924247639585 0.026321505483660634 
50418.434694662516
2
2.1212678566161505 0.7362514176240161 
23558.461274326295
2
1.5327227061685245 -0.08128489052748267 
23363.039029228144
2
0.9108469429467367 -1.227461506299647 
33353.863901864825
2
0.9444271447961399 -1.563151866697121 
19780.863909926797
2
1.3943554763894226 -0.18400868581538687 
19827.660636506356
2
1.2380145810643943 -0.6708844615301415 
19541.558681349266
2
1.3888676282767953 -0.15875320236050605 
10581.46626221545
2
0.8634476333101229 -0.5591107321029463 
20481.285182586198
2
1.4310294082126063 -0.016833035653069428 
22680.765171719206
2
1.2184083279526727 -0.8851879255545078 
38294.873836708655
2
1.906939352643431 0.43939696062981265 
28341.787809765796
2
1.6730949143241287 -0.18690154798533987 
20353.97078527109
2
1.4029988125914192 -0.25882698930787085 
27078.014637127115
2
1.5371783033606647 -0.5872685309038275 
45566.42533644031
2
0.32651775597205007 -2.1095091108310027 
24854.930258227363
2
1.3386229240732699 -0.8328155215702127 
23467.982744033485
2
1.5289287404557663 -0.0957871651720224 
35901.0951595791
2
1.8946587134889614 -0.01943901639135981 
19567.651315819
2
1.234878236986362 -0.6571460046286169 
87898.2445104517
2
0.08489036433240871 -2.9635482241881403 
35199.46458432404
2
1.8617098610619758 0.2323421004833256 
19845.920076860846
2
1.4070225256361262 -0.06985427716769843 
18947.73939488436
2
1.0869675828385763 -0.8445563411321346 
46180.95831461548
2
0.6860611000247374 -2.0365205617656787 
21539.052897220943
2
1.2734828375113394 -0.7294838944666029 
21849.088885096957
2
1.4200754347474644 -0.41023730709979994 
26252.331495421924
2
1.2351553107082425 -1.0486298240901875 
16776.67439515556
2
1.1403316812779056 -0.6142565393949511 
17582.091435836424
2
1.196224630704117 -0.5720627382380722 
27809.919644221292
2
0.6505482073543217 -1.535506103644726 
19965.261090488828
2
0.8871721922843699 -1.099750703698901 
44723.97001958549
2
2.039092506090459 0.5608018844157714 
53858.59284846042
2
0.4763113167683086 -2.271340312318804 
17812.762318834815
2
1.1503637409021161 -0.6767122693591204 
34353.18489709388
2
1.7169449787994764 0.6981535858854075 
22665.14710134587
2
0.7022743117097625 -1.3316626829821305 
27160.504847694545
2
0.9499830707671175 -1.3466932278827768 
20496.71825803056
2
1.4116251577346814 -0.23871790853136926 
23986.92268750869
2
1.3100314081320246 -0.8261416213086555 
44710.04809449639
2
1.9621823974624661 0.7879372110378393 
27440.681680658767
2
0.749695149786447 -1.4771680170016386 
38588.90595505682
2
0.19631208930871424 -1.9545721166273016 
29386.475717793786
2
1.6413120735843125 0.49471431037088753 
22749.814283390235
2
1.4954190372978577 -0.19673162233401031 
33490.34021672641
2
1.7293542643176905 -0.5986383300114185 
66624.87524861738
2
2.324927928711744 1.1212482558103964 
59056.446533336355
2
0.5634306039439672 -2.3639354068740905 
25444.01899861581
2
1.5573259129334063 -0.34516358551810467 
21975.49415927987
2
1.4395369344736917 -0.3539531469192968 
22990.75303241696
2
1.495531643384541 -0.24992080120956484 
21274.1818186058
2
1.450981937889375 0.14855839854876662 
15159.66848010412
2
1.0674645804955656 -0.6135847271549693 
20231.462944650306
2
0.8749532057860963 -1.1214290803031923 
47572.2359737792
2
2.0362636593601855 0.781571434321257 
21000.591150636876
2
1.4489277356537988 0.025836639039216958 
21305.62701661005
2
1.0844660407368074 -0.9769831667688232 
27268.52699724714
2
0.8262736927393888 -1.4297288149895868 
14526.868859040675
2
0.9205133096453946 -0.7780373594306056 
30024.890167502
2
1.7104780546252192 -0.27704483643577527 
15878.626162305372
2
1.1710317639924765 -0.4653463483806506 
29438.8090568017
2
1.6434142044225795 0.4930219654156094 
29862.38090642225
2
1.72069247030979 0.15954784003996336 
32602.104190722785
2
0.9265560775139643 -1.5497432865782046 
24670.23338188715
2
1.5705741171395116 -0.01789638958446671 
23588.225158850073
2
1.5270825882677908 0.1638330995078584 
24208.89645792683
2
1.4739025102964023 -0.49849878228000355 
57993.831904248524
2
2.153397712636172 1.0780823167263969 
34216.739410250404
2
1.8480918701488447 0.07893275945250217 
50930.656960732034
2
2.114739534572836 0.7879989828596665 
37055.09011865646
2
1.8567819637019536 0.5078087741825292 
21945.026770279655
2
1.4512123477619632 -0.2974649537864519 
24444.021771049833
2
1.4712770784948073 -0.5289101392493515 
20166.053919916278
2
1.2904654504721607 -0.5927092990069512 
18239.569878841008
2
1.3358448914493306 0.19868420640007312 
18539.1690626729
2
1.3129566007812192 -0.3606409166086345 
59094.278598284225
2
0.3110491481117609 -2.4109492502513135 
59631.501204262364
2
2.2083007505855434 1.0423808878666003 
57467.29617036074
2
2.0421061393190865 1.2556003077378444 
37846.02541715958
2
1.9209419132975714 0.3075462687997109 
23462.94235200678
2
1.064892397956407 -1.10104423888204 
39385.80399943311
2
1.757005145110061 0.9227747937606903 
27616.479976264738
2
0.6874004990950123 -1.5129866329450508 
32672.658202904993
2
1.7994657786408579 0.17084710062201985 
27269.782670192675
2
0.6729647430587621 -1.5080108493041826 
22730.21095285274
2
1.5026497637579226 0.12273867672226801 
42165.32983488431
2
2.052866836803861 0.04765221757002194 
40780.819049867656
2
1.9060550627341921 0.6671101879091037 
38603.23264782838
2
1.9619076612317896 -0.10602638154179855 
12752.027890008962
2
1.1214909650879745 -0.13213933641024367 
18733.875340327584
2
1.3564865209789756 -0.18257013018320858 
20813.54577584436
2
1.073794552680521 -0.9634935579535941 
54859.00708392229
2
2.185970450155978 0.8410908984391041 
25791.229466484994
2
1.5848970124826427 -0.25927669866783787 
25636.21886509006
2
1.5980849745904933 0.09872335335222437 
15431.970739320768
2
0.8717582853939274 -0.8850054043784799 
33114.38439650316
2
0.7557286973886486 -1.6553889499430556 
47997.00373137818
2
0.46906403631168997 -2.140018528652685 
33014.8938280031
2
1.2523567245913363 -1.316469527627271 
30286.86988500882
2
1.1016440090482764 -1.3472443972156363 
21411.06068740486
2
1.4626249706389287 -0.04282830844148211 
23466.668610486442
2
1.0680484378294943 -1.0981527195698333 
42938.2308941147
2
2.0700231322427376 0.09395382584778182 
38732.07614678268
2
1.9477950104004076 0.2816064845445576 
29114.381834876785
2
1.646495112450061 0.4477633617947539 
35239.8138838276
2
1.871427194193115 -0.14745048395052557 
26089.655067885215
2
1.039598377708243 -1.2362041578375762 
45085.6169759456
2
0.5836071560065261 -2.0415593023599716 
36789.623936309734
2
1.9146869711795715 0.11373739941712996 
19174.374327450932
2
0.9491359046966136 -1.008255159749175 
50582.99750558921
2
2.2210097804842976 0.3541402343027583 
12263.946363236311
2
0.8938327112717221 -0.6538025088543737 
56038.49903857439
2
0.6498237433591649 -2.2763081967132925 
27262.694413415404
2
1.6036720620003404 -0.3930716968965283 
25649.462772075312
2
1.010999092080623 -1.242105918599411 
20087.40443385598
2
1.1613942465691933 -0.8123446604868981 
54353.62226846765
2
2.2616529374459318 0.5659401182006386 
76009.32886285713
2
-0.2457945087995966 -2.746000354284332 
14868.546591551056
2
1.1911675517600024 -0.26071924130985724 
27604.102713481614
2
1.5922114851611089 -0.4746291793276273 
27322.67311012704
2
0.576534337885614 -1.5491531455125735 
15134.34318047126
2
1.0679638536015117 -0.61064517147664 
24189.693587408594
2
1.544893297318801 -0.17964982226626808 
23107.925439310136
2
0.9494029603640413 -1.1871927235217576 
55345.67073156099
2
2.141861817012858 0.9731366964504409 
18806.049980558528
2
1.1995807768746396 -0.6645381537644691 
26744.459894556843
2
1.6333553853354683 0.08121683724024115 
24126.239685845296
2
1.5500142848803264 0.10039763568660305 
34258.613668131744
2
1.7927470323580852 -0.46034709164330934 
22218.393695977054
2
1.4904664027263268 -0.01868881862901095 
20920.52844147327
2
0.7252645523862651 -1.2514168662756937 
31901.811120637187
2
1.6861387628747062 -0.5891665166954707 
18611.719597757226
2
1.3615522439137464 0.085717249542695 
62189.64454444284
2
2.1602835725780687 1.2458488433568575 
42022.35399665711
2
1.0894586456695026 -1.7364663138228982 
19995.216213501124
2
1.3567145143001493 -0.3985565807227651 
23885.576911724846
2
1.5050481260966864 -0.3512660377909274 
24241.811287231227
2
0.9665135109497812 -1.2206689812863476 
57431.79464615226
2
0.3609842999827081 -2.369149594217558 
77979.84524743161
2
0.7519937251113458 -2.689328905533186 
26392.60461910169
2
1.6158552401879136 0.16814370243166826 
69543.33674259284
2
0.42022485257698955 -2.6034102149941587 
17902.298160328537
2
1.2326336136971723 -0.5204269309102902 
49065.98263202757
2
0.2055977938642998 -2.2055221174046045 
56477.02491463639
2
0.23357232956123206 -2.3649833949368393 
68431.84899458519
2
0.22274940685232633 -2.606447314105055 
36794.8628506801
2
1.913416641009661 -0.135362635078211 
15113.740274490556
2
0.9307501824582545 -0.8031675574268309 
15487.963725258793
2
1.238532305802452 0.1217953201463049 
16165.548307818739
2
0.9408058591989756 -0.8552421680896886 
25533.82300189148
2
1.2184789686108897 -1.0337752672810907 
29384.211935730465
2
1.702100213218218 -0.20316509969860397 
34899.997152744996
2
0.8738905658752012 -1.6511556541249588 
19287.491152927512
2
1.011007762508795 -0.9521619712211317 
26005.463643201376
2
1.5599887983135943 -0.4086334707977866 
61715.87137664927
2
2.1370877777078574 1.2666660838739698 
20597.08227815721
2
1.3826748590208755 -0.38460169272550426 
43169.59760395811
2
1.9646486864808685 0.6761030240316998 
13660.772978753655
2
1.150094631869547 -0.20822976641252944 
20469.59305446484
2
1.0223959023600369 -1.0008326155176448 
19611.27504687927
2
1.3958396023550739 -0.11295711214950627 
61732.250391590744
2
2.241420479685275 1.0720351078236692 
43542.245014919776
2
2.0216658380428867 0.5168091918516247 
13630.688001607836
2
0.773589012833514 -0.8744305800828633 
24885.703732000056
2
1.5225376969052205 0.4128551013401108 
45048.77760859914
2
2.051989562431266 0.5424173637827756 
13437.679787281962
2
0.7766636485367546 -0.8605588624665792 
52164.81205715073
2
0.44833569044270216 -2.2395259128642246 
21659.411703086957
2
1.4356184972245256 -0.32394552124622833 
18114.44340451099
2
1.1848998984612724 -0.6383232496764982 
31664.522396032524
2
1.0111730814071476 -1.4642340110244765 
23256.096877585864
2
1.4135033625201467 -0.5723791854206661 
26106.9959656282
2
1.6052872050442215 0.18371876845910884 
20292.083419670318
2
1.3887491150371343 -0.31715018122430255 
47000.770296451126
2
0.3451311626618401 -2.1403180862210176 
15277.608566186478
2
0.9481794602345852 -0.7929164948516954 
49276.12263973591
2
0.2718453168086219 -2.2031142475375196 
22876.602400345575
2
1.3207543811741385 -0.7370672321056444 
29855.447576405746
2
1.7210858010613492 -0.15299811445108882 
23509.627712422025
2
1.5214861898161034 0.1898487435857267 
45984.6578711796
2
2.0306707544841003 0.6890878565182639 
22459.14658332305
2
0.8838237576344252 -1.2102769202844734 
33132.9335879811
2
1.8086371866482984 0.20524347948482724 
20714.01252233103
2
1.1221388157774237 -0.9012245726558638 
36268.88264774381
2
1.8944196775877504 0.19509574557817644 
19612.525261084535
2
0.8324656949984091 -1.126167568685615 
25890.937670192354
2
1.43116984126489 -0.7354227712500238 
13513.1474790286
2
1.1021888075476522 -0.3694517294851175 
60580.3152694364
2
2.299000757407562 0.8789920616155168 
24660.738466939867
2
1.4255234436831286 0.6587539435963791 
26231.154910126388
2
1.0651455874658857 -1.2200739192830048 
45047.936816511516
2
2.0604855442576913 0.5091100112512402 
31392.294742209633
2
1.6886054961014172 0.5365081106162792 
45984.40439456968
2
2.10140598736419 0.42723917859543475 
59203.44576100025
2
0.07133415966761525 -2.4321299335694504 
28089.96686283854
2
1.5176601568344936 -0.7111289156270854 
21602.136542307828
2
1.2223173975532335 -0.8161824758407111 
26510.685157405278
2
1.5982458439090619 -0.3109320475086779 
21635.011390079635
2
1.2532874250219486 -0.7699167288024187 
28249.53354421496
2
1.5342839822599523 -0.686240494434741 
17830.628177938674
2
1.28846531089969 -0.3505994301222296 
25675.184462353824
2
1.5900094153064368 0.19846537600363917 
20074.64760188436
2
1.3124938497458252 -0.5336896612899854 
25942.83040682407
2
1.3702088803896857 -0.8466467178130741 
24023.486077725684
2
1.5468646776625221 0.09776643990956177 
21564.90965521723
2
1.4444712840351026 -0.2645631779362069 
20187.064270596904
2
1.0744472709806798 -0.9296609537577987 
16455.596745336417
2
1.2820212337137433 -0.04451101931806428 
29595.282635724558
2
1.0768836480425938 -1.341584835987248 
25785.247679791086
2
1.2999143352847193 -0.9427340499315779 
20714.66031907278
2
0.9751493745682737 -1.058560215191551 
22299.94218932878
2
1.3933943538897184 0.5370720561350515 
18258.576148715074
2
1.1051368227584208 -0.7775154132587532 
21337.077646491714
2
1.1925258331919453 -0.8435578829096604 
24974.158791986454
2
1.0319029980701537 -1.196909387452732 
36282.29513470258
2
1.8484729130053648 0.45975798346055813 
38683.57461441821
2
0.6571597723415401 -1.8537795163011799 
20642.562126185272
2
1.1455371691169405 -0.8671798007276652 
37351.63277127489
2
0.9298526387486982 -1.694266020239907 
24399.218217730147
2
0.8905875853123926 -1.2832675382243783 
28591.2735250252
2
1.6694600530798789 -0.2683849542598246 
16245.264783192659
2
1.0075937094602578 -0.7805647922981047 
19599.03151274698
2
1.318773143972608 -0.46983033747439196 
19095.678876244743
2
1.275450748869958 -0.5317831088249584 
27772.069853103654
2
1.024197491169779 -1.3146202814470405 
15679.907232350355
2
1.1616929806333083 -0.4673971993736542 
27324.627821441314
2
1.5838932731192559 0.4730167877694209 
60345.72404044055
2
0.5485573067007327 -2.3945056452865785 
45892.47837656434
2
2.042565609943901 0.6458897481234186 
26407.886636671807
2
1.6133066793852298 -0.195013389074147 
36186.986471030716
2
1.8977520791866427 -0.13128477842402714 
32371.621582213185
2
1.7842629209162617 0.23144759075153037 
42409.92635600088
2
1.9752889686461519 0.582431219926362 
14556.05526094425
2
0.930636603242044 -0.7678027343012888 
52322.80657971539
2
2.0509180732229972 1.0129243381905715 
28014.238299386343
2
1.622931677908135 -0.409287916729678 
27255.82118634057
2
0.883892233357999 -1.3943875495870817 
31702.541210590134
2
1.7689189691191574 0.2029280703831568 
22578.796775317387
2
0.8238495652550418 -1.2566429768875556 
53664.60034178023
2
2.219571905370565 0.6632952518054849 
60891.75459914608
2
0.607393114029229 -2.3917042176959264 
20900.989138128825
2
1.4256943050252107 -0.239780446307792 
18294.7344373914
2
1.3216912772648406 -0.2874119192747139 
63663.24921731647
2
0.39352676512897755 -2.4922804029359877 
27257.718215515917
2
1.6054918135957712 0.3849257824939156 
39131.44340462298
2
1.692106787800219 -1.024655531943649 
21509.00193363
2
0.6959310011015072 -1.2909609734879106 
26792.269374343545
2
1.311168888492921 -0.9798280886372838 
17680.313743639803
2
0.8661648182624876 -1.0088557290159441 
23357.0481166769
2
1.455373144788586 -0.4664695285823838 
51054.12689516576
2
2.2556258922609085 0.13253121775173515 
16752.725279610873
2
1.2723808491190973 -0.23731730395411965 
56691.07422216916
2
2.109434556331791 1.1042614159564828 
45044.390629553745
2
1.9840489091083864 0.7536504423280038 
35767.931063168406
2
0.8548526556240679 -1.6870151284115147 
35779.27535739627
2
1.8815736717360094 0.19392795974149685 
44326.85223230209
2
2.083645745127225 0.30183709520769747 
26600.54691994584
2
1.5718078890308875 -0.43528686170713826 
34562.09029642224
2
1.8454654132355104 0.22464736409250802 
33839.41571591418
2
1.6612531139646147 0.7900504179698209 
24193.280896390876
2
1.551440192747389 0.11118191384857212 
38399.593625954025
2
1.8992274174047774 0.4825915245561013 
29047.247259442385
2
1.6655635735146457 0.3614176372638201 
26144.647199344174
2
1.6169170272463493 -0.006636786515039891 
21655.031470433936
2
1.4506619250494488 -0.24715000759704941 
50770.361570232286
2
2.1429117551169017 0.6963945482304039 
21899.41281178291
2
0.8329575710177438 -1.223161054833954 
31120.00701574297
2
1.7593882350754775 0.1286613378303442 
27655.31830612946
2
1.5585256951453264 0.580111617005489 
15993.591655298154
2
0.8431738147833583 -0.9425587958284057 
25031.155718856808
2
1.5766664094514935 0.13129586891070427 
33579.283237432464
2
1.5087013382653156 -1.04007143776747 
31104.183991094756
2
1.7132010087112977 -0.41876091372054763 
19073.373643190833
2
1.1124488507526669 -0.8184099943049048 
32125.117465140152
2
1.7922494031305012 -0.018810196500233634 
29530.25556564109
2
0.9626207585289894 -1.4235121467037724 
25194.65375401746
2
1.3110302751847915 -0.8947988561406612 
15025.867577028968
2
1.2102745007600204 -0.1944797946136827 
36351.6138745277
2
0.94665492203986 -1.6549942132921422 
37105.92298149383
2
1.8693497359709719 0.46489123757567347 
25143.93578510712
2
0.759466676737845 -1.3919784285093955 
17862.52989770203
2
0.7218288241282482 -1.1248182690674229 
36037.95675578558
2
0.7505533056425724 -1.743693038056746 
54553.01944706849
2
0.5668353326475055 -2.265833102937911 
28722.171023459134
2
1.6763038753593926 0.249444221823227 
33565.26363735085
2
0.47495190484954364 -1.7694482337200133 
9832.715561576564
2
0.9243499947678019 -0.35895493217174357 
21132.941496621876
2
1.3547942887702187 -0.5270925770467509 
12789.003514562359
2
0.8565373273259353 -0.7384064993982511 
34736.34330265386
2
0.7582718499353499 -1.7025446049548918 
22406.551082540856
2
1.3085022385330485 -0.7269642357145822 
18298.8785806336
2
1.1984523791494393 -0.6273752887820886 
27967.000741723266
2
1.4656494976574732 -0.8053394465619594 
48530.050201911436
2
2.158354707851148 0.44103285057683506 
25574.00681769268
2
1.1759122126354205 -1.083804018235833 
47714.21695270125
2
2.020751525355113 0.8294485927681775 
30752.422378571187
2
1.7155188784246098 -0.3636443532160061 
26468.831310760877
2
1.0774048271010812 -1.2190496173722285 
23818.11963411117
2
1.534457515496828 -0.1650820903260532 
28633.19378981746
2
1.6474339159132263 -0.38636882855706556 
18303.14281613355
2
1.23489130776374 -0.5525918381797863 
22176.759188536835
2
1.4423949930854993 -0.37036819892583345 
21893.661261325964
2
1.4795225460038863 0.019472082548464886 
15712.169348549596
2
1.208571172445799 -0.33252466974338357 
31286.83751493479
2
1.757440215526528 -0.20021898097720242 
34875.021060064224
2
0.38043582105710233 -1.828324558732128 
29811.271509722523
2
1.1725637614057143 -1.267367893080117 
20760.753477335107
2
1.3661394678125447 -0.45797194479396647 
22459.5493488085
2
1.2720422509115563 -0.7923783482508285 
36092.832471707115
2
1.4327119699858495 -1.247645646099075 
24389.3643364924
2
1.1437328905210726 -1.0633962143949696 
76577.96465293
2
0.03875062682704061 -2.767001057862738 
14436.591823949708
2
1.0220500361279303 -0.6317221747302109 
37687.85651578773
2
1.9133678686445057 0.3283428860468195 
12776.489946639482
2
0.8837432273694473 -0.7047317948997203 
33439.52091042238
2
1.6962472873513632 0.683152421642037 
93010.88754712444
2
0.1999937208722849 -3.043204111840693 
35110.95271436918
2
1.140190494723397 -1.4869636536174422 
33739.62356077298
2
1.7920106931551103 0.4033113334572176 
21462.012759468744
2
0.2952538458568912 -1.4349308145181041 
16137.33294647776
2
1.2115983085425688 -0.38178899065395033 
23202.450999587803
2
1.445775892771912 -0.47955934756645185 
30007.97628925922
2
1.2895341803548628 -1.1566759384643714 
16146.7541680254
2
1.1738374500985167 -0.48660153878584517 
38079.04124339382
2
1.9010030832613936 0.4405580572070572 
14360.104888504957
2
0.8523183955868786 -0.8423561250413656 
31661.57050921719
2
1.7793584392776902 0.0063714592505616785 
17214.787347523557
2
0.7579802120027607 -1.070955056463438 
22581.987544390013
2
1.473074121199373 -0.2970713515162575 
29541.144017650382
2
0.8587179100639832 -1.4888646522435756 
45183.23786259326
2
1.8946428136469264 0.9636661221374259 
24722.617156593995
2
1.2620765631112434 -0.9377763403417207 
40563.297110462234
2
1.9952467092427009 0.27444540495770076 
22577.824546573873
2
1.501863870259602 0.04676932612553253 
31347.014836112856
2
1.7698256820166796 0.04917864257460282 
42189.36574004121
2
0.8635016823452679 -1.8636795375254334 
25538.90353151382
2
1.2628106321840262 -0.9793873903590765 
30196.664006243325
2
0.7757531499914474 -1.5549512696231609 
23250.247629893714
2
0.7162306391673352 -1.3461197697483394 
28141.372414362064
2
0.8806231521697023 -1.4278095479786175 
25259.562955083973
2
0.9422894330753432 -1.2798620706243877 
30933.442323936215
2
1.1427361672177474 -1.3369735541610814 
50807.42398116793
2
0.7014714637845834 -2.1421204876506614 
27577.596227929545
2
1.659879499760121 -0.050593172158358464 
20603.854077693526
2
1.0724489758982194 -0.9540642545783867 
16007.365884951701
2
1.0241785759134023 -0.7428289393495418 
29817.935582958307
2
1.5360258981108 -0.7889347239339526 
15465.31530521874
2
0.799584432764828 -0.952468511501573 
